10000000000000011000000000000000100000100000000000000110000000000000001000000001100001100000000000000010000000001000011000000000
00000100000000000000000010000010000010000001000000000000100000100000110000010000000000000000001000001000000100000000000000000010
00000100000000101000000000000000000000000001001000001010000000000000010000010000100010100000000000000000000100001000101000000000
00000000000000000000100000010001010001000000000000000000001000000100010000000000000000000011000101000100000000000000000000110000
00000000001000000101000000000000000000000000000011000001010000000000000000100000100000010100000000000000000000001000000101000000
00000000000000000100100000000001000001000000000000000001001000010000010000000000000010010010000000000100000000000000100100100000
00000000000000000000000001000000000000000000000000000000000000010000000000000000000000000100100100000000000000000000000000001001
00100010000000000000000000000100001100001000100000000000000000000001000010001000000000000000010000010000100010000000000000000100
00001000000000000100001000000100000110000010000000000001000010000001000000100000000000110000110000010000001000000000000100001100
00000000000000000000000010100010100010000000000000000000000000001000100000000000000000001010001010001000000000000000000000100010
00101000000000010001000000000000000010001010000000000100010000000010000010100001000001000100000000000000101000010000010001000000
00100000000010010000000001000000000000001000000100100100000000010010000010001000001001000000000100100000100000000010010000000001
00000000000000000000000100001000001001000000000000000000000001000010010000000000000000010000010000100000000000000000000100000100
00100000010000000000010000000100000100001000000100000100000100000011000010000001000000000001010000110000100000010000000000010000
00001000000001000000000000001001001001000010000000010000000000010010110000100100000100000000000000100100001001000001000000000000
10000010100000000000001000000000100000100000101000000000000010000000000000001010000000100000100000000010000010100000001000001000
10001000000010000000100000000000000000100010000000101000001000000000101000101000001000000010000000001010001000000010000000100000
00110000000000000010000000100000100000001100000000000000101000001011000011000000000000001000000010100000110000000000000010000000
00000000001000001000000000000101000101000000000010000010000000010001010000100000100000100000010000010100000000001000001000000100
10000001001000000000000000010000010000110000010010000000000000000100001000100100100000000001000001000010001001001000000000000000
